$ANSIBLE_VAULT;1.1;AES256
38636465323866623364306139393235663664356264633462363138626562646432303133373032
3630356365303936353132343263333332346534666162620a366163646138336465336433626535
33396638363862633337656664653464643763336263393232303566333034656336383138613736
3566363530353164380a383533303739346633643733353062383164643461376536613638653565
64336132366536356362623930643535326162363537366131633836346138636239336238613963
35393866663565653030373337396336613261333630656439653433623661343962333564623661
39666466313234373832633462303863346265396638313962396336323833383530373864393439
62343932646262333935653031666363356364656366383032653932386563303633303738303265
62333935663265646430653137303833386338653762333262313336663864343762386233386365
36303862613263626664353334363032623238636535613533386536636261663762633830383561
30623261376166323135623637633765613364303937313632356535313136346633666637353533
37316438633334376539393830633537373038396363636163663534316532386163396631396437
39646365616266353364636565333132346431653437623731626661323366616534346463353137
30636566663038323937656538323565623239643339366334653166363638613837396633303063
34643338353232663433326564313666346233306131666637623935316161656432643565333234
38336434306464303035353033343633363539613362613836346232626132633933623961336233
31353937656162626365363032376564343034396432616664373339626162386461383661396131
37316130383264393132383237656261613934663662343162363238643464363761373361333564
36336661393635623839363737393364663534306334393137363539343165306237626361343265
33353930383162393763366337316436623330616633363232386564373431303561663264323234
6533
